8 9
1 2 1
2 3 1
3 8 1
1 5 1
5 6 1
6 3 1
2 7 1
7 4 1
4 8 1

4 22
3 1 213808791
3 4 990419799
2 4 650657643
1 4 922444533
4 3 266488632
3 2 430745458
3 2 158772293
4 3 784686105
4 2 100861040
1 2 294373651
1 4 978955625
4 2 294672053
3 2 881703114
1 3 537435983
4 2 47257532
2 1 934883862
2 3 393550843
3 1 118190106
2 4 470902866
2 3 503807990
3 4 974446066
4 2 316657073

4 5
1 2 1
1 3 2
3 2 1
2 4 2
3 4 1


3 4
2 1 4
1 2 3
3 2 4
2 3 3

2 2
1 2 3
2 1 5

4 6
1 2 1
2 4 3
1 3 5
3 4 1
2 3 2
3 2 4


8 11
1 2 4
2 3 2
3 8 3
1 6 4
6 2 1
6 3 1
1 4 4
4 5 6
5 8 3
6 7 5
7 8 7

9

2 1
1 2 3